8,3,8,8,6               20170325043 

7,5,6,7,6               20170325044 

4,3,5,5,6               20170325045 

0,2,4,4,7               20170325046 

2,3,5,8,8               20170325047 

1,7,4,6,5               20170325048 

1,6,6,9,7               20170325049 

2,1,7,1,5               20170325050 

6,8,4,1,2               20170325051 

5,6,8,0,0               20170325052 

6,0,4,6,8               20170325053 

0,9,5,0,2               20170325054 

5,1,4,0,0               20170325055 

8,0,2,0,4               20170325056 

5,4,8,8,7               20170325057 

0,9,2,4,3               20170325058 

7,7,9,1,9               20170325059 

9,9,2,2,0               20170325060 

4,1,2,5,9               20170325061 

8,1,8,0,7               20170325062 

3,5,3,7,3               20170325063 

6,8,8,9,7               20170325064 

9,9,3,3,8               20170325065 

6,0,8,7,5               20170325066 

6,0,7,0,5               20170325067 

4,7,6,0,5               20170325068 

3,9,3,0,2               20170325069 

8,0,8,8,7               20170325070 

4,6,0,6,3               20170325071 

7,8,5,3,2               20170325072 

0,7,9,8,1               20170325073 

5,4,5,8,5               20170325074 

7,3,7,4,3               20170325075 

1,6,5,3,8               20170325076 

0,7,0,7,4               20170325077 

9,3,5,1,2               20170325078 

4,6,5,3,5               20170325079 

5,4,0,7,0               20170325080 

8,9,8,8,7               20170325081 

0,3,4,6,2               20170325082 

6,9,7,5,4               20170325083 

5,8,4,9,2               20170325084 

6,0,9,3,7               20170325085 

9,4,9,9,6               20170325086 

3,8,6,6,1               20170325087 

8,2,7,0,5               20170325088 

7,4,7,3,2               20170325089 

0,1,1,1,3               20170325090 

8,3,5,9,8               20170325091 

3,5,2,8,7               20170325092 

7,9,9,3,0               20170325093 

5,4,3,4,2               20170325094 

9,4,4,1,3               20170325095 

3,4,3,9,1               20170325096 

7,2,5,3,7               20170325097 

2,5,8,2,5               20170325098 

4,9,8,4,1               20170325099 

8,2,3,7,8               20170325100 

4,5,1,0,5               20170325101 

1,7,3,8,4               20170325102 

7,9,4,1,8               20170325103 

9,0,4,1,9               20170325104 

6,2,8,9,0               20170325105 

7,0,9,9,7               20170325106 

0,2,1,9,0               20170325107 

4,9,5,3,4               20170325108 

9,4,3,0,7               20170325109 

6,6,5,5,2               20170325110 

7,2,1,1,7               20170325111 

5,4,5,8,6               20170325112 

9,5,3,7,9               20170325113 

9,3,6,7,0               20170325114 

6,5,0,9,9               20170325115 

0,4,1,5,2               20170325116 

4,0,7,3,9               20170325117 

0,8,9,3,0               20170325118 

1,7,4,4,7               20170325119 

4,4,2,2,5               20170325120 

5,0,4,2,6               20170326001 

2,7,4,7,8               20170326002 

2,7,4,7,8               20170326002 

1,4,5,5,0               20170326003 

5,5,1,7,7               20170326004 

7,5,7,8,9               20170326005 

0,3,9,3,2               20170326006 

1,1,7,5,2               20170326007 

9,5,9,5,2               20170326008 

9,1,5,7,4               20170326009 

0,8,1,8,8               20170326010 

2,2,4,8,3               20170326011 

3,7,9,7,1               20170326012 

0,9,8,5,9               20170326013 

6,8,0,5,7               20170326014 

3,9,8,5,6               20170326015 

4,7,3,2,1               20170326016 

